[[[[102 107 100]
   [113 118 111]
   [117 118 112]
   ...
   [125 124 119]
   [121 120 115]
   [120 119 114]]

  [[ 89  94  87]
   [ 98 103  96]
   [105 108 101]
   ...
   [117 116 111]
   [113 112 107]
   [110 109 104]]

  [[ 61  66  59]
   [ 77  82  75]
   [ 91  94  87]
   ...
   [115 114 109]
   [113 112 107]
   [109 108 103]]

  ...

  [[102 108 120]
   [127 133 145]
   [151 159 172]
   ...
   [119 116 111]
   [123 120 115]
   [117 114 109]]

  [[ 76  83  93]
   [ 89  96 106]
   [111 119 130]
   ...
   [103 100  95]
   [106 103  98]
   [ 98  95  90]]

  [[ 71  78  88]
   [ 69  76  86]
   [ 80  88  99]
   ...
   [106 103  98]
   [110 107 102]
   [102  99  94]]]


 [[[ 52  55  44]
   [ 76  80  66]
   [ 77  78  64]
   ...
   [ 85  56  60]
   [130  99 104]
   [181 150 155]]

  [[ 32  35  26]
   [  5   7   0]
   [ 49  49  37]
   ...
   [ 26   0   1]
   [128  99 103]
   [179 150 152]]

  [[ 37  38  32]
   [ 68  69  63]
   [ 17  17   9]
   ...
   [ 14   0   0]
   [ 35  14  13]
   [152 131 128]]

  ...

  [[  7   8  12]
   [  6   7  11]
   [ 22  22  24]
   ...
   [156 136 125]
   [171 151 142]
   [153 133 126]]

  [[  0   0   4]
   [  3   4   8]
   [ 38  38  40]
   ...
   [157 137 126]
   [161 141 132]
   [160 140 131]]

  [[ 22  23  27]
   [ 37  38  42]
   [ 78  78  80]
   ...
   [164 144 133]
   [149 129 120]
   [162 142 133]]]


 [[[ 67  81  84]
   [ 47  61  64]
   [ 45  55  57]
   ...
   [ 63  43  19]
   [138 111  90]
   [ 84  53  32]]

  [[ 62  76  79]
   [ 40  54  57]
   [ 40  51  53]
   ...
   [ 63  45  23]
   [ 98  73  51]
   [ 75  47  26]]

  [[ 72  87  90]
   [ 45  60  63]
   [ 48  62  63]
   ...
   [ 48  33  14]
   [ 61  40  21]
   [ 64  38  21]]

  ...

  [[ 38  51  33]
   [ 44  57  39]
   [ 60  75  54]
   ...
   [ 39  47  32]
   [ 40  47  31]
   [ 39  46  30]]

  [[ 49  64  45]
   [ 67  82  63]
   [ 61  76  55]
   ...
   [ 40  47  31]
   [ 40  47  31]
   [ 39  46  30]]

  [[ 40  55  36]
   [ 68  83  64]
   [ 53  68  47]
   ...
   [ 41  48  32]
   [ 40  47  31]
   [ 40  47  31]]]


 ...


 [[[ 87  68  51]
   [104  87  69]
   [ 83  65  51]
   ...
   [147  34  20]
   [204  54  29]
   [203  34   3]]

  [[ 82  65  47]
   [105  88  70]
   [ 94  78  62]
   ...
   [155  31  21]
   [205  45  29]
   [204  27   9]]

  [[ 83  71  49]
   [103  90  71]
   [ 92  79  62]
   ...
   [148   3   0]
   [183   7  10]
   [183   0   0]]

  ...

  [[132 162 172]
   [133 160 167]
   [ 96 115 121]
   ...
   [126  93  60]
   [126  93  60]
   [126  92  57]]

  [[ 95 132 141]
   [ 82 112 120]
   [ 60  83  89]
   ...
   [123  89  61]
   [129  92  65]
   [130  93  66]]

  [[ 95 133 142]
   [ 86 120 129]
   [ 92 115 121]
   ...
   [114  78  54]
   [123  86  60]
   [128  88  63]]]


 [[[ 99  83  67]
   [ 44  31  14]
   [ 56  45  25]
   ...
   [132 118  89]
   [136 122  93]
   [141 127  98]]

  [[ 96  80  64]
   [ 38  25   6]
   [ 45  34  14]
   ...
   [144 130 101]
   [136 122  93]
   [127 113  84]]

  [[ 95  82  63]
   [ 42  31  11]
   [ 41  33  12]
   ...
   [151 138 106]
   [151 138 106]
   [145 132 100]]

  ...

  [[238 165 114]
   [195 123  73]
   [209 139  90]
   ...
   [230 232 227]
   [228 239 233]
   [222 239 233]]

  [[229 153 101]
   [212 139  86]
   [210 138  88]
   ...
   [235 237 232]
   [224 239 234]
   [215 234 230]]

  [[245 170 115]
   [203 130  77]
   [202 129  78]
   ...
   [241 246 240]
   [205 220 215]
   [231 252 247]]]


 [[[ 31  26  22]
   [ 17  12   6]
   [ 80  71  66]
   ...
   [ 91  70  65]
   [ 76  66  56]
   [116 110  96]]

  [[ 10   5   1]
   [ 14   7   1]
   [161 152 145]
   ...
   [ 94  71  65]
   [ 86  72  59]
   [113 104  87]]

  [[  6   0   0]
   [ 27  20  14]
   [ 14   5   0]
   ...
   [ 86  56  45]
   [ 92  71  54]
   [102  87  66]]

  ...

  [[179 166 147]
   [177 166 146]
   [172 161 141]
   ...
   [236 234 245]
   [220 212 223]
   [204 192 202]]

  [[163 152 130]
   [162 151 129]
   [138 127 105]
   ...
   [210 225 218]
   [227 234 227]
   [245 247 242]]

  [[161 151 126]
   [175 165 140]
   [145 137 114]
   ...
   [216 239 223]
   [219 233 218]
   [226 237 223]]]]